1403715273262143232.000000 0.000000000 0.000000000 0.000000000 -0.000000000 -0.000000000 -0.000000000 1.000000000
1403715278812143104.000000 -0.004472016 -0.034844950 0.010013239 0.028449861 0.003275731 0.009986714 0.999539971
1403715278862142976.000000 -0.005343224 -0.044147775 0.010543186 0.032087609 0.002538604 0.011306440 0.999417901
1403715278912143104.000000 -0.006339934 -0.053182073 0.011391318 0.033052538 0.002506321 0.011454739 0.999384880
1403715279012143104.000000 -0.007371362 -0.071438223 0.012062791 0.033777211 0.002959999 0.010044674 0.999374509
1403715280312143104.000000 -0.007215109 -0.119307980 0.031095996 0.000065957 0.007835141 -0.010361427 0.999915659
1403715282062142976.000000 -0.039581697 -0.237328708 0.180137873 0.002888642 0.316411108 0.127564192 0.940001607
1403715283712143104.000000 -0.025770962 -0.246181697 0.449448138 0.000597945 0.627322018 0.255023360 0.735819161
1403715284112143360.000000 -0.021182656 -0.245457038 0.498654425 0.001415402 0.636969268 0.262097031 0.724964321
1403715284762143232.000000 0.012588263 -0.239488661 0.549122214 0.001440298 0.627499461 0.246694297 0.738501370
1403715284862142976.000000 0.020132303 -0.237859875 0.553660929 0.003798847 0.631736159 0.243331790 0.735992312
1403715285062142976.000000 0.037134469 -0.240745574 0.561877370 0.021059301 0.653759778 0.249315381 0.714140356
1403715285562142976.000000 0.050878763 -0.276548654 0.557585955 0.012123475 0.692293584 0.299642801 0.656351149
1403715285912143104.000000 0.064805031 -0.327551633 0.517326176 0.004124898 0.700636506 0.295805275 0.649300218
1403715286262143232.000000 0.088869333 -0.356989592 0.471640676 -0.007491127 0.703079820 0.293390334 0.647722840
1403715286562142976.000000 0.120785832 -0.372945249 0.435632646 -0.011001570 0.706882417 0.285326928 0.647135794
1403715287062142976.000000 0.188397706 -0.384366781 0.387680620 -0.015497519 0.736774921 0.293149948 0.609085917
1403715287512143104.000000 0.257040262 -0.403220654 0.363452941 0.003352059 0.749265015 0.290542036 0.595126867
1403715288512143104.000000 0.350923777 -0.414691776 0.287063658 0.006432224 0.836042762 0.321951747 0.444227785
1403715288812143104.000000 0.355920196 -0.418643624 0.262125582 0.003810869 0.835550129 0.323453665 0.444093704
1403715289162142976.000000 0.350828975 -0.391844988 0.242794365 -0.013164049 0.846080184 0.326265544 0.421338141
1403715289862142976.000000 0.365145624 -0.276387125 0.241773397 -0.020971300 0.874505520 0.349757493 0.335365623
1403715289962142976.000000 0.372999609 -0.265899658 0.240375862 -0.018286536 0.874158919 0.350443810 0.335709572
1403715290212143104.000000 0.398541152 -0.262990803 0.227685407 -0.020449631 0.870137930 0.347072184 0.349260181
1403715290412143104.000000 0.424958527 -0.270762473 0.214144394 -0.020554140 0.861912966 0.356305450 0.360180497
1403715291112143360.000000 0.554228783 -0.265804619 0.154274523 0.012985927 0.868697703 0.348941058 0.351334482
1403715291212143104.000000 0.571594477 -0.261723757 0.145426154 0.022530401 0.870417416 0.350753456 0.344728947
1403715291662142976.000000 0.621812940 -0.223221406 0.095242292 0.021807501 0.879691362 0.365069807 0.303959846
1403715291962142976.000000 0.636012316 -0.185333133 0.047238022 -0.006849498 0.886803091 0.362247705 0.286897212
1403715292062142976.000000 0.641306400 -0.171547323 0.029160798 -0.013108528 0.887278318 0.362237513 0.285218030
1403715292312143104.000000 0.659361005 -0.135334551 -0.012903512 -0.017543303 0.879310548 0.359686345 0.311658353
1403715292412143104.000000 0.668572664 -0.122074515 -0.031411827 -0.020992145 0.872491479 0.356609583 0.333388180
1403715292562142976.000000 0.687918842 -0.102967888 -0.058139026 -0.020644125 0.860575855 0.346815228 0.372427523
1403715295362142976.000000 0.887372732 -0.022193745 -0.351943344 0.018728983 0.446857542 0.173019707 0.877514541
1403715295562142976.000000 0.882457137 -0.023160800 -0.368948221 0.012779613 0.404186040 0.152948096 0.901708007
1403715296762143232.000000 0.858454943 0.113906071 -0.452970743 0.003221892 0.259551644 0.116765775 0.958638787
1403715297212143104.000000 0.897560000 0.131792098 -0.490423173 -0.005994121 0.196492970 0.095775254 0.975798011
1403715297612143360.000000 0.953158021 0.153433755 -0.493427545 -0.012092589 0.102125473 0.061352141 0.992804170
1403715300762143232.000000 1.044891357 0.029537492 -0.294564426 0.047366410 -0.338228464 -0.106166989 0.933855772
1403715301012143104.000000 1.055255771 0.021541826 -0.276829362 0.055575978 -0.325706095 -0.115933791 0.936688960
1403715301212143104.000000 1.069338918 0.019427359 -0.270679355 0.069572315 -0.315859258 -0.124215886 0.938063502
1403715301412143104.000000 1.085722208 0.025360219 -0.277698725 0.075044997 -0.312331408 -0.129415274 0.938119948
1403715304462142976.000000 1.010943770 0.243797734 -0.622112751 0.025325248 -0.537719011 -0.187121347 0.821707070
1403715304662142976.000000 1.006189704 0.264621079 -0.623051167 0.032579012 -0.528346837 -0.190986261 0.826627195
1403715304762143232.000000 1.005401134 0.277699441 -0.622093797 0.033934299 -0.523854077 -0.192363650 0.829108953
1403715305062142976.000000 1.006594300 0.294772297 -0.632990420 0.030102063 -0.515916288 -0.195119172 0.833578289
1403715305312143104.000000 1.009126663 0.289790869 -0.652373850 0.023459770 -0.516764641 -0.196009144 0.833057165
1403715305712143104.000000 1.013505220 0.262833416 -0.686317921 0.021422993 -0.531357825 -0.197354153 0.823560119
1403715306512143104.000000 1.020139575 0.146768972 -0.732550323 0.019100307 -0.524820328 -0.149914220 0.837689996
1403715307962142976.000000 1.268516779 0.171121866 -0.695157945 0.006113811 -0.166158080 -0.078933313 0.982915878
1403715308212143104.000000 1.290158272 0.202312201 -0.691267669 0.007304432 -0.106836110 -0.061467428 0.992347956
1403715308462142976.000000 1.299700260 0.229265913 -0.681139350 0.006729316 -0.067033425 -0.042547990 0.996820390
1403715308762143232.000000 1.298861146 0.237004325 -0.666651607 0.003825564 -0.060601536 -0.020188453 0.997950554
1403715309062142976.000000 1.297992349 0.213869438 -0.648471713 0.004438214 -0.070979804 -0.011051692 0.997406662
1403715310262143232.000000 1.404812455 0.138426080 -0.546458185 0.050147682 -0.102756813 -0.011214779 0.993378341
1403715310862142976.000000 1.521574259 0.132265955 -0.553116143 0.018947857 -0.019851081 -0.012188689 0.999549091
1403715311162142976.000000 1.567027450 0.130811229 -0.560830235 0.008539130 -0.014937670 0.007158160 0.999826312
1403715311912143104.000000 1.703131080 0.103489093 -0.525065660 0.008373911 -0.001034804 0.011315311 0.999900401
1403715314362142976.000000 1.916930556 -0.057972521 -0.412887424 0.013220557 0.089149423 0.009365972 0.995886505
1403715314562142976.000000 1.901628971 -0.063589334 -0.416513532 0.006385664 0.121644638 0.028130461 0.992154479
1403715316962142976.000000 1.653185606 -0.031286418 -0.344034433 0.003020059 0.403280407 0.145538911 0.903423667
1403715317362142976.000000 1.624774694 -0.018961877 -0.284901351 0.000174626 0.490632117 0.186743289 0.851121068
1403715317562142976.000000 1.609408855 -0.015301228 -0.254908621 0.002651938 0.535785556 0.210144460 0.817781210
1403715317762143232.000000 1.595255494 -0.016021580 -0.226960242 0.007926110 0.575919628 0.232334912 0.783756495
1403715318012143104.000000 1.580406427 -0.014016747 -0.199110150 0.017745709 0.615734994 0.265388519 0.741703749
1403715318462142976.000000 1.561339617 0.001759112 -0.192607045 0.006871593 0.655590534 0.277698368 0.702166259
1403715318862142976.000000 1.562275052 0.037589014 -0.203769922 -0.034881439 0.694219530 0.300625384 0.653044343
1403715319062142976.000000 1.582079649 0.053795278 -0.212105155 -0.032101952 0.719153464 0.298963904 0.626425087
1403715319262143232.000000 1.615837336 0.065067708 -0.220355392 -0.030365158 0.748090327 0.292075127 0.595089018
1403715319462142976.000000 1.657114744 0.074616313 -0.224551320 -0.028435199 0.774323463 0.293032497 0.560130835
1403715319662142976.000000 1.703583241 0.078061700 -0.224414468 -0.023326686 0.794755161 0.300503463 0.526799679
1403715320462142976.000000 1.922954082 -0.015194952 -0.212046862 0.001124534 0.854552388 0.311209679 0.415797442
1403715320762143232.000000 1.992957830 -0.053385317 -0.191889048 0.031496607 0.882864177 0.339004189 0.323473305
1403715320912143104.000000 2.017936707 -0.070284307 -0.179864645 0.047122758 0.887402654 0.351933002 0.294005305
1403715321162142976.000000 2.036229134 -0.090421498 -0.166897893 0.035068169 0.890834570 0.362201959 0.272018075
1403715321462142976.000000 2.030962467 -0.103210092 -0.165762901 0.030297985 0.891300499 0.364062309 0.268559277
1403715321712143104.000000 2.006011248 -0.108044147 -0.179875851 0.023568586 0.892291307 0.357367307 0.274862498
1403715321912143104.000000 1.974655628 -0.110605478 -0.200731754 0.039007656 0.900530040 0.343109936 0.264196247
1403715322112143360.000000 1.925554514 -0.110792041 -0.223760724 0.034570932 0.901540995 0.354734927 0.245340198
1403715322312143104.000000 1.865997195 -0.108517408 -0.250034332 -0.001959313 0.904744387 0.360464007 0.226935133
1403715322512143104.000000 1.802083254 -0.094293237 -0.275665283 -0.022564203 0.908568740 0.368895382 0.194704786
1403715322712143104.000000 1.744328499 -0.063678145 -0.299137473 -0.028161960 0.909437120 0.376657933 0.173953786
1403715322912143104.000000 1.698398113 -0.033099532 -0.330791950 -0.032984540 0.911408007 0.374531239 0.167253658
1403715323112143360.000000 1.665092945 -0.018324018 -0.374564052 -0.036727708 0.912879765 0.370876193 0.166590810
1403715323462142976.000000 1.634302855 0.023722172 -0.456663132 -0.040730223 0.913709223 0.367201895 0.169231325
1403715323862142976.000000 1.648894548 0.041965604 -0.573370934 -0.024982627 0.934472203 0.313545942 0.166812733
1403715324062142976.000000 1.664419889 0.042304635 -0.613885164 -0.014108849 0.944310069 0.282617480 0.167949140
1403715325112143360.000000 1.670805454 -0.018824577 -0.621108055 -0.012798096 0.925996900 0.333494872 0.176485598
1403715326462142976.000000 1.546467543 -0.029643536 -0.572581649 -0.014580272 0.926431119 0.335118264 0.170905128
1403715326712143104.000000 1.513349533 -0.022057295 -0.565391302 -0.013690335 0.932011008 0.322086185 0.165615663
1403715326912143104.000000 1.486255884 -0.017591298 -0.547443271 -0.006334509 0.925345302 0.343155026 0.161060661
1403715327112143360.000000 1.456900835 -0.017239511 -0.527928472 0.006074198 0.920834482 0.356962830 0.156858504
1403715327312143104.000000 1.421601295 -0.017698646 -0.512359500 0.012936873 0.916829705 0.368125319 0.154077038
1403715327762143232.000000 1.318839312 -0.009062648 -0.501934290 -0.002014348 0.911727011 0.368865281 0.180798963
1403715328312143104.000000 1.188618898 0.017660677 -0.524855018 -0.018539028 0.908320546 0.331630468 0.254226893
1403715328562142976.000000 1.136554360 0.022886992 -0.530494094 -0.024429271 0.911803126 0.328247517 0.245503232
1403715328812143104.000000 1.094815254 0.021893799 -0.519364595 -0.026021661 0.900325358 0.347216129 0.261109382
1403715329062142976.000000 1.067725539 0.020556509 -0.500266433 -0.015741961 0.880774558 0.341269046 0.327908278
1403715329612143360.000000 1.030987740 0.028410971 -0.453824520 -0.007807865 0.829252839 0.333822668 0.448153108
1403715330062142976.000000 1.019313097 0.051967025 -0.429741979 0.000035123 0.829146147 0.326588094 0.453714550
1403715330412143104.000000 1.014528990 0.081639707 -0.410997987 -0.011485770 0.823814034 0.329509199 0.461109757
1403715330812143104.000000 1.020380735 0.067201316 -0.416569233 0.017201096 0.822972596 0.325562686 0.465219468
1403715331562142976.000000 0.989125609 -0.003548026 -0.482938707 0.001127805 0.757364750 0.301066488 0.579444826
1403715331962142976.000000 0.967355907 -0.039423466 -0.542975426 -0.005065523 0.759861410 0.295654178 0.578941762
1403715332362142976.000000 0.954912186 -0.031362236 -0.586620748 0.016666314 0.756562531 0.322101593 0.568846166
1403715333162142976.000000 0.977136552 0.007952660 -0.747067690 0.030759072 0.745301843 0.263009250 0.611886561
1403715333512143104.000000 0.965708375 0.043023258 -0.819646358 0.018296937 0.736901343 0.268842459 0.619972050
1403715334212143104.000000 0.897094846 0.111766011 -0.939542770 0.002515531 0.699697554 0.289361507 0.653212786
1403715334962142976.000000 0.877766728 0.171094015 -1.097918034 -0.004061130 0.692288995 0.276772439 0.666420639
1403715335312143104.000000 0.886744380 0.203000322 -1.166353703 -0.007491147 0.688691378 0.273706794 0.671366274
1403715336162142976.000000 0.948442817 0.270418167 -1.301779509 0.010289497 0.642437339 0.246884018 0.725408018
1403715336512143104.000000 0.977800608 0.298688889 -1.353326678 0.002035689 0.634004474 0.249682605 0.731910348
1403715336862142976.000000 1.008114338 0.318332165 -1.401501417 0.001137226 0.635442257 0.248781189 0.730971813
1403715337212143104.000000 1.041722298 0.324816495 -1.444351673 -0.004253860 0.625131905 0.244958580 0.741071701
1403715337562142976.000000 1.082365990 0.323705435 -1.477533579 0.009210417 0.586219072 0.253568053 0.769393027
1403715337912143104.000000 1.138183713 0.330142140 -1.517564774 0.008727949 0.583687842 0.236897141 0.776602924
1403715338412143104.000000 1.224182844 0.339781612 -1.572116017 0.017962558 0.579053998 0.240854532 0.778693080
1403715338812143104.000000 1.287964702 0.346532762 -1.623280287 0.013955860 0.528022945 0.214311197 0.821625054
1403715339112143360.000000 1.337797999 0.359414488 -1.666891575 0.001950869 0.504569888 0.203514889 0.839039385
1403715339462142976.000000 1.401724219 0.380607367 -1.706738710 0.006524021 0.500762105 0.197466448 0.842734694
1403715339762143232.000000 1.456889033 0.405323505 -1.732685447 -0.003109156 0.511304319 0.193560123 0.837312818
1403715340112143360.000000 1.512679577 0.431823045 -1.741787553 -0.017434111 0.508367240 0.160456508 0.845879734
1403715340462142976.000000 1.541936994 0.409201235 -1.719408274 0.001304926 0.425698698 0.157742426 0.891008556
1403715340812143104.000000 1.567333460 0.376686871 -1.686980724 0.000396640 0.372413993 0.158437818 0.914442539
1403715341112143360.000000 1.604796171 0.351083457 -1.656593919 0.004745427 0.370648026 0.171048626 0.912874579
1403715341412143104.000000 1.657520294 0.327728570 -1.629852414 0.020655086 0.395804435 0.156534895 0.904659688
1403715341762143232.000000 1.714483500 0.304509163 -1.605713844 0.013903918 0.420609504 0.132343888 0.897429347
1403715342112143360.000000 1.739397407 0.284146190 -1.572866797 0.005463884 0.409320891 0.154163972 0.899255335
1403715342412143104.000000 1.754364967 0.265262336 -1.539502859 -0.000285346 0.388927996 0.166354597 0.906124234
1403715342712143104.000000 1.779987335 0.252215177 -1.499959826 -0.009159593 0.351495057 0.119742714 0.928455174
1403715343062142976.000000 1.808047056 0.224446401 -1.437046528 0.009016534 0.308918387 0.118666083 0.943613529
1403715343412143104.000000 1.835270643 0.205618963 -1.365946531 0.002153911 0.299086481 0.117286637 0.946988165
1403715343762143232.000000 1.864303589 0.187220812 -1.287282705 -0.000172142 0.309214771 0.109532669 0.944663346
1403715344162142976.000000 1.891121745 0.150499254 -1.187367201 0.016482452 0.291300118 0.101092122 0.951132476
1403715344512143104.000000 1.891565561 0.121763989 -1.099109530 0.032199994 0.261073589 0.053586084 0.963292420
1403715344912143104.000000 1.836019516 0.098318622 -1.002349973 0.010719787 0.242415115 0.048677031 0.968891442
1403715346912143104.000000 1.269390702 -0.030440943 -0.606250942 0.023028038 0.244788781 0.111323088 0.962889075
1403715348312143104.000000 0.989401221 -0.139973149 -0.465193123 0.022786107 0.046117503 0.050229609 0.997412145
1403715349012143104.000000 0.954212487 -0.095456980 -0.383960307 0.022978529 -0.031823240 0.029003844 0.998808324
1403715350412143104.000000 1.156324983 0.034472287 -0.302501678 -0.003856096 -0.137231082 -0.071818456 0.987924576
1403715350762143232.000000 1.186804533 0.055066396 -0.275080115 -0.007116984 -0.131373197 -0.072802298 0.988630474
1403715351162142976.000000 1.173177719 0.052746911 -0.225408167 0.004724717 -0.131281435 -0.077597521 0.988292217
1403715351512143104.000000 1.123484015 0.035312261 -0.172734395 0.021778917 -0.136605978 -0.069981039 0.987910509
1403715353062142976.000000 0.797252893 -0.073560245 -0.046458595 0.039953873 -0.238878414 -0.073498927 0.967439234
1403715353412143104.000000 0.763345122 -0.108667210 -0.037395470 0.033865057 -0.244297564 -0.083544850 0.965501010
1403715354162142976.000000 0.705721378 -0.086125597 -0.011644918 0.023058133 -0.265880615 -0.084300667 0.960036099
1403715354612143360.000000 0.684556901 -0.058092237 0.010261413 0.016976682 -0.264843196 -0.098779805 0.959068537
1403715355712143104.000000 0.651985407 -0.178725302 0.043763772 0.024908835 -0.372570127 -0.137970731 0.917352259
1403715355962142976.000000 0.648365378 -0.202396601 0.056351550 0.024159694 -0.392265052 -0.155925766 0.906218350
1403715356212143104.000000 0.640240014 -0.223696887 0.069565646 0.029373923 -0.382193059 -0.173652738 0.907144070
1403715356462142976.000000 0.620074451 -0.237865120 0.078335561 0.019596895 -0.366710782 -0.170191944 0.914425433
1403715356762143232.000000 0.578497410 -0.248043120 0.086738072 0.007313731 -0.380236447 -0.147574008 0.913010836
1403715357262143232.000000 0.495366752 -0.278083265 0.113958105 0.018300628 -0.476113498 -0.177977324 0.860990763
1403715357912143104.000000 0.382418692 -0.339970708 0.166981921 0.043270651 -0.490480989 -0.220654413 0.841942787
1403715358112143360.000000 0.339093029 -0.343378067 0.175120890 0.038044021 -0.488445520 -0.224919498 0.842249930
1403715358312143104.000000 0.287602246 -0.340946734 0.178329200 0.024642305 -0.492522538 -0.212754801 0.843534052
1403715358512143104.000000 0.226347297 -0.338704824 0.175213382 0.032553710 -0.499386251 -0.223135874 0.836519003
1403715358712143104.000000 0.159297600 -0.333459318 0.163760617 0.043086071 -0.522270620 -0.216466606 0.823722780
1403715358912143104.000000 0.090457544 -0.325286567 0.151488677 0.043059915 -0.547965229 -0.199247956 0.811282992
1403715359112143360.000000 0.031084135 -0.314779937 0.140571117 0.038243540 -0.559412420 -0.200211078 0.803436816
1403715359312143104.000000 -0.020163193 -0.302778661 0.132947192 0.045041475 -0.562484264 -0.201969743 0.800494194
1403715359762143232.000000 -0.107695922 -0.278523177 0.093852066 0.051092312 -0.552706599 -0.209456936 0.805004835
1403715360162142976.000000 -0.159469962 -0.262575299 0.032473296 0.031915624 -0.552934706 -0.208982572 0.805959642
1403715360362142976.000000 -0.180240363 -0.253707886 0.001867741 0.027209286 -0.550089717 -0.202906653 0.809623361
1403715360562142976.000000 -0.196913853 -0.250001371 -0.021696195 0.011419830 -0.536950171 -0.173419088 0.825517893
1403715360762143232.000000 -0.210987955 -0.251175612 -0.036150970 0.015885811 -0.497692764 -0.163441181 0.851666927
1403715360912143104.000000 -0.216228902 -0.252595186 -0.038556080 0.025699414 -0.458432794 -0.162804082 0.873311937
1403715361112143360.000000 -0.220882028 -0.261630297 -0.040514830 0.027525024 -0.405421674 -0.152479649 0.900902689
1403715361762143232.000000 -0.256472766 -0.276176631 -0.052227650 0.019544184 -0.262040615 -0.113361672 0.958176374
1403715361962142976.000000 -0.278632373 -0.269289106 -0.053961158 0.010393753 -0.227976039 -0.098024666 0.968664110
1403715362162142976.000000 -0.293291062 -0.267745554 -0.046258830 0.010175229 -0.185990572 -0.080766693 0.979173481
1403715362362142976.000000 -0.333676517 -0.261804909 -0.038040187 0.011350818 -0.123879030 -0.063411176 0.990204155
1403715362562142976.000000 -0.364716649 -0.259640813 -0.024938567 0.009549893 -0.065227985 -0.040774740 0.996991217
1403715362812143104.000000 -0.419818968 -0.258777380 -0.006405513 0.008729483 0.000517902 0.000710903 0.999961495
1403715363062142976.000000 -0.475597143 -0.263884962 0.011391912 0.028403331 0.044176262 0.074208036 0.995858908
1403715363462142976.000000 -0.511579633 -0.284653246 0.026965424 0.023699624 0.122550212 0.108767733 0.986199498
1403715363862142976.000000 -0.479456782 -0.297467887 0.023000203 0.023317054 0.221761525 0.107333489 0.968895078
1403715364262143232.000000 -0.432973087 -0.306316108 0.004249223 0.028943760 0.322271585 0.138747126 0.935976803
1403715364762143232.000000 -0.381265610 -0.322818458 -0.044507023 0.025080122 0.345546275 0.153787658 0.925374568
1403715365162142976.000000 -0.328831226 -0.333224267 -0.097557202 0.006319073 0.397610098 0.148355842 0.905459523
1403715365862142976.000000 -0.277569920 -0.345102221 -0.167343140 0.026396817 0.499933571 0.206093848 0.840770483
1403715366562142976.000000 -0.258249283 -0.309979498 -0.284805268 0.017432861 0.541644335 0.222117007 0.810543954
1403715367212143104.000000 -0.230948880 -0.262650371 -0.424122691 -0.004359769 0.522673965 0.225198150 0.822240055
1403715367912143104.000000 -0.111728467 -0.230410844 -0.556670249 -0.003367317 0.511600554 0.218445763 0.830984354
1403715368562142976.000000 0.055268377 -0.184842542 -0.679259479 0.032605641 0.515233159 0.224158853 0.826574028
1403715369362142976.000000 0.233203262 -0.091762446 -0.872507453 -0.002513748 0.468045294 0.190247044 0.862979352
1403715370112143360.000000 0.407037079 -0.024570204 -1.004856467 -0.020563528 0.359916955 0.128796026 0.923822761
1403715371112143360.000000 0.640600920 0.010833573 -1.056533933 -0.015382142 0.367853612 0.155226618 0.916707039
1403715372662142976.000000 1.151670337 0.008489789 -0.986347198 0.014693631 0.319034070 0.126003593 0.939214826
1403715373412143104.000000 1.402792692 -0.025362201 -0.962326705 0.018328441 0.309855849 0.128750250 0.941847563
1403715374112143360.000000 1.586392760 -0.039405674 -0.932102978 0.017772848 0.209355757 0.073464818 0.974913955
1403715374712143104.000000 1.677362919 -0.056224808 -0.888763130 -0.004594852 0.097518526 0.033470448 0.994660139
1403715375362142976.000000 1.739574790 -0.106563263 -0.773132741 0.012915734 0.115601137 0.035666883 0.992571175
1403715375862142976.000000 1.747398973 -0.142476633 -0.657671094 0.016304377 0.132424206 0.047654737 0.989912629
1403715376262143232.000000 1.732505202 -0.166762173 -0.557797492 0.025376117 0.131655842 0.053285856 0.989536941
1403715376762143232.000000 1.706980467 -0.174408197 -0.465729207 0.026776649 0.126742199 0.033604160 0.991004646
1403715377062142976.000000 1.671194077 -0.175331742 -0.427757531 0.053046111 0.116931476 0.028311225 0.991318107
1403715377362142976.000000 1.615221858 -0.174221069 -0.404252112 0.032540653 0.108895533 0.025273269 0.993198931
1403715377712143104.000000 1.535594702 -0.164889693 -0.393339574 0.033484895 0.101214401 0.028303767 0.993898034
1403715379962142976.000000 1.033675909 -0.173114240 -0.386413306 0.010637892 0.105468661 0.012215789 0.994290709
1403715380512143104.000000 0.872447610 -0.219507143 -0.323134661 0.020103339 0.101273030 0.034370836 0.994061530
1403715380962142976.000000 0.727689683 -0.252799779 -0.281989843 0.024348771 0.101935878 0.027691161 0.994107366
1403715381412143104.000000 0.579277396 -0.273814529 -0.251505762 0.032691836 0.105765514 0.043208092 0.992913902
1403715381912143104.000000 0.426894248 -0.279272318 -0.236173436 0.006710694 0.119958684 0.032156203 0.992235303
1403715383862142976.000000 -0.024550870 -0.386397958 0.087157354 0.012386352 0.371867150 0.162747800 0.913824201
1403715384662142976.000000 -0.041963160 -0.426289618 0.226853654 0.007598194 0.552294374 0.245218351 0.796731472
1403715385812143104.000000 0.080096662 -0.472035885 0.266543627 0.022412995 0.637797117 0.278936148 0.717570245
1403715387412143104.000000 0.180894911 -0.380711406 0.043425858 0.013656811 0.638915122 0.264355898 0.722299814
1403715388212143104.000000 0.219620511 -0.291386336 -0.207525596 -0.001952479 0.622343004 0.265995622 0.736160100
1403715389712143104.000000 0.420966387 -0.053802021 -0.640557647 0.005287852 0.614306569 0.237366885 0.752500176
1403715390462142976.000000 0.529792488 0.025882594 -0.794033647 -0.022166111 0.507901669 0.197277710 0.838227868
1403715391212143104.000000 0.703229070 0.072797649 -0.831590474 -0.008763694 0.401167870 0.179447994 0.898212671
1403715391962142976.000000 0.968377888 0.065386698 -0.822983444 0.003191150 0.355428249 0.153301463 0.922040820
1403715392712143104.000000 1.295216084 -0.017917022 -0.815315545 0.034951538 0.267420501 0.095618650 0.958186746
1403715393462142976.000000 1.533559442 -0.046978373 -0.789516747 0.023079246 0.085923135 0.001000255 0.996033907
1403715394162142976.000000 1.612561941 -0.051846545 -0.765573859 0.021839898 -0.129934192 -0.053263035 0.989850104
1403715394862142976.000000 1.621884346 -0.040419281 -0.770070434 0.033454321 -0.346952766 -0.139224470 0.926887929
1403715395462142976.000000 1.598420739 -0.011665523 -0.813488007 0.023719706 -0.523017883 -0.213521212 0.824802041
1403715395912143104.000000 1.556661606 0.030944943 -0.843521714 0.021089166 -0.594021559 -0.238633424 0.767950356
1403715396312143104.000000 1.503037453 0.060658246 -0.860520840 0.012996665 -0.609976888 -0.220357120 0.761053264
1403715396662142976.000000 1.456232786 0.078068703 -0.857064128 0.037135914 -0.609994054 -0.239181802 0.754533052
1403715396912143104.000000 1.426718473 0.095231384 -0.862375140 0.027251467 -0.626822472 -0.245541185 0.738959014
1403715397162142976.000000 1.393132687 0.119447768 -0.864788413 0.005786643 -0.631760359 -0.260243088 0.730149984
1403715397412143104.000000 1.345914364 0.140464693 -0.864355087 -0.014204045 -0.641049385 -0.244773686 0.727282524
1403715397662142976.000000 1.283893824 0.149917483 -0.849809051 -0.013252102 -0.645222127 -0.237299606 0.726086557
1403715397862142976.000000 1.226731658 0.146466613 -0.829246640 0.005041505 -0.646970809 -0.230824932 0.726720870
1403715398262143232.000000 1.119993567 0.129966974 -0.773396850 0.044733968 -0.643427253 -0.223286182 0.730851233
1403715398662142976.000000 1.049240112 0.128249705 -0.717726469 0.050646883 -0.630766213 -0.230542123 0.739201725
1403715398862142976.000000 1.027384162 0.126753747 -0.698668718 0.072688021 -0.624106586 -0.235116407 0.741571188
1403715399262143232.000000 1.021238089 0.134959579 -0.702013135 0.065417819 -0.629459500 -0.231587306 0.738829195
1403715400262143232.000000 1.079881072 0.192630202 -0.856857777 0.028618630 -0.582990289 -0.258924872 0.769585192
1403715400512143104.000000 1.063393354 0.207452983 -0.917650819 0.030099090 -0.538999736 -0.245857880 0.805063486
1403715400812143104.000000 1.023478031 0.234643936 -1.001438618 0.006584090 -0.473761111 -0.202124327 0.857118905
1403715401112143360.000000 0.964320540 0.266701698 -1.078899622 -0.015040307 -0.420771569 -0.165003628 0.891907454
1403715401462142976.000000 0.871953845 0.286476552 -1.143103004 -0.005548570 -0.395462900 -0.168641195 0.902850211
1403715401812143104.000000 0.753095627 0.280674338 -1.186686039 0.012110739 -0.396947652 -0.128005311 0.908790767
1403715402112143360.000000 0.661882341 0.271547079 -1.200791240 0.028297691 -0.381237209 -0.137393877 0.913772643
1403715402412143104.000000 0.583125055 0.265346825 -1.210564971 0.047265362 -0.361198217 -0.140618175 0.920613050
1403715402862142976.000000 0.479738235 0.276111007 -1.245068789 0.046306301 -0.317733318 -0.124986097 0.938764989
1403715403262143232.000000 0.392432451 0.292814553 -1.300322175 -0.008746042 -0.312264830 -0.107647993 0.943835855
1403715403562142976.000000 0.329823762 0.287877560 -1.312695622 0.000975432 -0.293338925 -0.110551529 0.949594498
1403715403912143104.000000 0.252128422 0.271612942 -1.294119239 -0.013560444 -0.228955537 -0.078282140 0.970189393
1403715404312143104.000000 0.163793355 0.231678978 -1.230670452 0.012128109 -0.137712345 -0.066206373 0.988182664
1403715404762143232.000000 0.045065954 0.196972013 -1.148360014 0.026828373 -0.111862384 -0.050743617 0.992064595
1403715405262143232.000000 -0.092497960 0.177268833 -1.064839244 0.026752891 -0.044681724 0.015542758 0.998522043
1403715405612143360.000000 -0.157983005 0.171376318 -1.011420131 0.012578801 0.067097209 0.051226605 0.996351123
1403715406012143104.000000 -0.206854537 0.163040474 -0.947897613 0.001955209 0.187503994 0.080820523 0.978931308
1403715406562142976.000000 -0.258047879 0.159697339 -0.841048539 0.005127432 0.329179704 0.157263666 0.931065321
1403715407162142976.000000 -0.257521331 0.171256602 -0.734754443 -0.000687258 0.464135408 0.204352364 0.861868858
1403715407612143360.000000 -0.211327225 0.165021241 -0.664684892 -0.018446309 0.498337090 0.218583673 0.838773608
1403715408062142976.000000 -0.121031627 0.124262102 -0.584747732 -0.007326724 0.503179371 0.195782304 0.841680467
1403715408512143104.000000 -0.027091727 0.038877040 -0.508177400 0.015188820 0.492437094 0.191837281 0.848807096
1403715409112143360.000000 0.054672658 -0.003026642 -0.390602499 0.037701368 0.374304593 0.135569036 0.916567385
1403715409862142976.000000 0.084540531 -0.073622480 -0.356842101 0.001419064 0.323455065 0.131607756 0.937045455
1403715411812143104.000000 0.129056826 -0.137782156 -0.205342352 0.025385428 0.310315371 0.124595180 0.942091346
1403715412312143104.000000 0.110793881 -0.122246787 -0.207906514 0.018193159 0.308427274 0.126204401 0.942663312
1403715412912143104.000000 0.089959055 -0.106216833 -0.220760420 0.003223252 0.309462041 0.127841905 0.942273498
1403715414062142976.000000 0.064660721 0.000373085 -0.196536899 0.017159153 0.316612750 0.120650113 0.940694153
1403715414512143104.000000 0.051592339 -0.001268873 -0.203745648 -0.010096146 0.315677941 0.126274094 0.940372527
1403715414962142976.000000 0.044053853 0.003159923 -0.178061217 0.020586476 0.311169565 0.147730529 0.938576281
1403715415362142976.000000 0.047431275 0.025657028 -0.162608236 0.020531310 0.323639810 0.145577624 0.934688687
1403715417112143360.000000 0.052544378 0.039738417 -0.155513912 0.005902853 0.343259037 0.120148458 0.931505620
1403715417312143104.000000 0.052552484 0.039668918 -0.155411333 0.006354693 0.343437821 0.120315455 0.931415260
1403715417962142976.000000 0.052525118 0.039771959 -0.155412763 0.006214811 0.343431324 0.120304324 0.931419969
